_xzizin_coords:
-287.526
172.476
410.2
-46.679
188.446
410.556
312.232
139.667
294.771
279.393
278.664
281.835
-355.147
249.816
314.761
559.854
228.098
246.348
514.388
270.095
245.21
-47.658
94.111
410.68
624.051
246.571
188.135
527.654
299.768
206.865
660.789
227.753
60.767
-320.636
301.067
223.998
-535.451
299.773
50.234
317.316
299.114
207.18
-320.502
301.01
50.69
527.543
300.89
52.321
317.074
300.347
52.196
-537.679
299.405
224.54
-564.919
234.282
311.876
-287.599
-170.917
410.198
-47.735
-186.256
410.589
312.32
-143.379
295.024
279.032
-278.088
281.814
-354.352
-252.939
315.429
559.577
-225.292
246.229
514.115
-269.076
245.523
-46.951
-89.951
410.498
622.858
-244.195
188.134
527.654
-298.534
206.864
660.795
-230.657
60.766
-320.7
-297.063
223.997
-535.943
-298.538
50.233
317.316
-297.879
207.179
-320.88
-297.006
50.69
527.543
-296.822
52.32
317.075
-296.279
53.457
-536.24
-298.106
224.538
-566.474
-245.403
312.449
-562.09
-223.6
341.299
-643.48
-208.163
343.182
-562.625
213.541
341.303
-642.879
192.517
343.537
527.471
299.511
0.318
317.089
299.511
0.318
-320.516
301.792
2.843
-535.515
301.792
2.843
527.471
-298.634
0.359
317.089
-298.634
0.359
-320.516
-298.634
2.884
-537.363
-298.634
2.884
-443.176
-160.722
2.302
-443.176
-160.723
54.969
-443.176
-294.283
2.302
-443.176
-294.283
54.968
-443.176
298.247
2.303
-443.176
298.247
54.969
-443.176
164.687
2.303
-443.176
164.687
54.969
432.66
298.247
-1.376
432.66
298.247
51.29
432.66
164.687
-1.376
432.66
164.687
51.29
432.66
-160.722
1.638
432.66
-160.723
54.304
432.66
-294.283
1.637
432.66
-294.283
54.304
186.312
362.329
312.281
200.231
315.048
322.061
183.166
371.752
274.176
211.775
271.647
274.176
200.344
-316.467
323.626
184.561
-364.884
312.217
213.59
-272.036
274.175
183.167
-372.916
274.175
-332.059
-172.764
399.38
-333.457
176.915
399.783
-635.644
226.803
306.31
-635.618
-237.457
306.323
-633.831
282.316
108.517
-649.497
273.934
227.132
-631.38
-278.806
107.095
-650.159
-277.271
227.131
-505.939
-263.58
298.653
-641.954
-257.62
294.115
-506.432
254.898
299.253
-642.379
249.106
